3.6789    5.5459    3.0000
13.6273    3.7143    3.0000
25.0649    3.7902    1.0000
35.9544    5.9526    2.0000
5.6673   13.9496    2.0000
15.4788   15.0558    2.0000
26.4189   15.4470    2.0000
35.9010   14.8614    3.0000
4.7972   25.9759    2.0000
13.7504   23.8995    3.0000
24.0202   24.6728    2.0000
35.9941   25.9101    2.0000
3.6814   34.6978    2.0000
15.0806   34.7504    2.0000
25.4706   35.3839    2.0000
34.3760   34.7950    2.0000
3.5465   46.4522    2.0000
14.0015   43.8186    2.0000
24.6172   44.0944    3.0000
34.9691   44.5185    2.0000