5.4429    5.5371    2.0000
15.4074    6.3355    2.0000
24.1268    5.6278    2.0000
34.2087    3.8582    3.0000
5.3219   14.8504    2.0000
14.8762   15.4858    3.0000
25.8109   14.5507    3.0000
35.4860   14.7485    3.0000
6.0258   25.9988    1.0000
14.2693   25.3404    1.0000
25.2467   25.1222    3.0000
36.1098   24.2943    1.0000
4.4542   33.8576    2.0000
16.3195   35.4367    2.0000
24.9384   35.4180    3.0000
35.1341   35.4419    2.0000
5.1317   45.6631    2.0000
15.0675   46.4811    3.0000
24.1560   43.8174    3.0000
33.8291   43.6908    2.0000