3.8200    6.3857    2.0000
13.5139    5.8247    2.0000
25.9519    6.1061    2.0000
33.7533    4.6993    2.0000
4.2796   15.9002    1.0000
14.7942   16.2319    1.0000
24.0455   14.2914    3.0000
33.9366   13.9082    3.0000
6.1079   25.2391    2.0000
15.1496   23.9349    1.0000
26.0591   25.3662    2.0000
34.5529   25.0397    2.0000
4.7054   33.7279    2.0000
14.2197   33.8700    1.0000
24.0517   34.2199    1.0000
34.7518   33.6490    1.0000
6.2081   46.3344    2.0000
14.9726   44.9678    2.0000
24.5132   46.2002    2.0000
34.6077   43.8336    2.0000