5.9442    6.2174    2.0000
13.8810    6.2401    2.0000
25.3971    3.7926    2.0000
34.3355    5.1406    1.0000
6.3725   16.3947    1.0000
13.9728   16.4118    2.0000
26.3715   14.9561    2.0000
35.9008   13.9257    2.0000
4.7653   26.2472    1.0000
15.8766   26.3785    1.0000
25.4672   23.6071    1.0000
36.0474   26.3020    3.0000
5.5362   35.7732    2.0000
15.7294   34.6767    1.0000
25.4664   34.0136    3.0000
35.6181   33.5955    2.0000
4.3308   43.6385    3.0000
13.7914   45.9704    3.0000
25.5845   44.4513    3.0000
36.3507   43.6033    3.0000