3.5978    5.1836    3.0000
16.1456    5.5075    3.0000
24.0713    4.6067    3.0000
34.8822    6.4449    3.0000
3.9692   16.0666    3.0000
15.4343   14.6288    3.0000
24.0728   14.7848    3.0000
34.9461   13.8618    3.0000
5.2685   24.1786    3.0000
14.6539   25.2490    3.0000
24.2554   24.3713    3.0000
35.3513   24.2958    3.0000
5.9731   36.4480    3.0000
15.6907   34.5316    3.0000
25.2522   33.8233    3.0000
36.2189   36.1390    3.0000
5.9533   44.2822    3.0000
15.2831   43.5675    3.0000
24.7758   44.4382    3.0000
33.9845   44.0363    3.0000