4.5431    3.9500    2.0000
15.2583    4.2864    3.0000
23.6334    5.7648    2.0000
34.2284    4.8272    1.0000
5.5634   14.5777    1.0000
15.7090   14.6841    2.0000
25.5502   15.6121    3.0000
34.8269   13.5587    3.0000
4.4926   24.7729    3.0000
14.3108   24.0912    1.0000
25.9652   24.7898    2.0000
36.1633   24.6735    1.0000
5.8073   34.6904    1.0000
15.9255   35.7652    1.0000
24.6322   34.1481    3.0000
35.8712   36.3479    2.0000
4.4827   45.5138    1.0000
14.8159   46.0005    2.0000
25.8066   44.0018    1.0000
36.0859   46.4696    1.0000