5.7538    4.2653    1.0000
15.0179    5.5972    3.0000
26.1727    6.3779    1.0000
35.1416    3.9159    2.0000
3.9479   14.2725    1.0000
16.0222   14.2628    2.0000
25.9429   14.2306    1.0000
36.2878   14.5500    2.0000
4.0898   24.2533    2.0000
15.3481   24.9199    2.0000
24.5550   25.9925    2.0000
35.2558   25.1492    1.0000
6.2516   34.3575    1.0000
15.7716   35.7612    3.0000
24.6413   35.2035    1.0000
33.7276   33.6619    3.0000
5.0924   45.8375    2.0000
16.3020   43.8897    3.0000
25.2065   44.9082    1.0000
33.5357   44.5114    1.0000