5.1410    4.3890    2.0000
15.7341    4.0669    1.0000
25.5603    4.0505    1.0000
34.6055    5.3769    2.0000
5.8407   13.7434    1.0000
16.2882   15.8271    1.0000
24.9604   14.8076    1.0000
34.8404   14.4190    1.0000
5.0255   25.0323    3.0000
15.9529   25.8845    3.0000
25.4330   24.6358    3.0000
35.9347   25.0985    3.0000
4.5522   36.3170    1.0000
16.1278   35.1505    1.0000
25.3674   35.2611    1.0000
34.1232   34.4037    1.0000
4.9128   44.1915    2.0000
16.0329   44.0843    1.0000
24.1778   44.0121    1.0000
34.1830   44.8071    2.0000