5.8364    4.7704    1.0000
13.7725    4.2994    1.0000
23.9610    4.3430    1.0000
34.8203    5.0814    1.0000
4.8723   16.1261    1.0000
15.0542   16.3309    1.0000
25.4131   16.3731    1.0000
34.2221   15.5284    1.0000
4.3672   25.5154    1.0000
15.5854   23.7040    1.0000
24.2644   24.1721    1.0000
35.5035   26.0332    1.0000
4.5334   35.8416    1.0000
15.5260   33.5201    1.0000
25.3065   34.6603    1.0000
36.2480   33.5035    1.0000
4.8873   44.7730    1.0000
14.8827   45.8105    1.0000
24.4674   45.8542    1.0000
34.9141   43.6073    1.0000