3.7565    4.2874    3.0000
15.9030    3.5877    3.0000
26.2866    5.6910    3.0000
34.9658    5.2356    3.0000
4.2119   14.8765    3.0000
16.3893   15.1404    1.0000
25.0634   14.1948    1.0000
34.9667   15.3722    3.0000
5.5374   24.6865    3.0000
14.6023   26.4639    2.0000
23.6132   26.1555    2.0000
36.2399   25.8886    3.0000
3.7961   34.2856    3.0000
14.5061   35.5392    1.0000
23.9097   35.6637    1.0000
33.8203   35.4613    3.0000
4.9825   45.8372    3.0000
15.6451   46.2112    3.0000
26.1728   44.5025    3.0000
35.5962   44.0934    3.0000